12 24
17 18 19 22 24 25 99 29 11 13 33 32 93 13 32 12 27 25 25 94 22 6 19 22
19 18 18 15 17 16 2 15 15 94 14 13 15 16 15 76 17 18 18 3 18 18 17 15
3 17 18 19 8 24 25 25 25 8 6 26 36 12 26 6 25 24 22 95 9 34 19  22 
19 18 11 15 17 16 92 15 15 14 14 13 47 16 15 76 17 18 18 3 98 18 17 15 
12 17 18 19 10 24 25 25 29 11 13 12 32 33 13 32 12 9 25 25 24 22 6 19
19 18 18 15 17 16 92 15 15 0 4 13 5 16 15 6 17 18 18 3 18 18 17 15
93 17 12 19 98 24 25 25 25 18 26 26 5 13 14 36 25 24 92 15 9 34 19 9
19 18 18 15 17 16 92 15 11 84 14 13 15 17 95 76 17 18 18 3 18 18 17 15
12 17 16 19 10 24 25 25 29 11 13 12 13 93 13 32 12 15 25 25 24 22 6 19
19 18 15 15 17 16 92 15 15 14 84 13 15 16 15 76 17 18 18 3 18 18 17 15
93 17 18 19 8 24 25 95 25 5 9 26 7 16 26 6 25 24 22 5 9 34 19 
19 18 19 15 17 16 92 15 15 94 14 13 24 16 0 6 17 18 98 3 18 18 17 15 
12 17 18 19 10 24 25 25 29 11 13 12 32 33 17 32 12 15 25 25 24 22 6 19
19 18 18 15 63 16 92 63 15 63 17 13 15 16 15 76 17 18 18 3 18 18 17 15
93 17 18 19 98 24 25 25 25 58 96 26 13 27 26 6 25 19 22 5 9 34 19 
19 18 18 15 17 16 92 15 15 72 47 13 15 16 15 76 17 18 18 3 18 18 17 15



