12 31
43 17 18 19 100 24 25 25 29 11 94 33 32 33 13 32 91 27 25 25 24 22 99 19
19 18 18 88 17 16 92 15 15 14 14 94 15 16 15 76 17 18 18 97 18 18 17 15
93 17 18 19 98 24 25 25 25 58 96 26 36 12 26 86 25 24 22 95 41 34 19 
19 18 11 88 17 16 92 15 15 14 14 94 47 16 15 76 17 18 18 97 18 18 17 15 
12 17 18 19 100 24 25 25 29 11 94 12 32 33 13 32 91 9 25 25 24 22 99 19
19 18 18 88 17 16 92 15 15 70 40 94 55 16 15 76 17 18 18 97 18 18 17 15
93 17 12 19 98 24 25 25 25 58 96 26 5 13 14 86 25 24 22 95 41 34 19 
19 18 18 88 17 16 92 15 81 84 14 94 15 17 15 76 17 18 18 97 18 18 17 15
12 17 16 19 100 24 25 25 29 11 94 12 82 33 13 32 91 15 25 25 24 22 99 19
19 18 15 88 17 16 92 15 15 14 84 94 15 16 15 76 17 18 18 97 18 18 17 15
93 17 18 19 98 24 25 25 25 58 96 26 67 16 26 86 25 24 22 95 41 34 19 
19 18 19 88 17 16 92 15 15 14 14 94 84 16 90 76 17 18 18 97 18 18 17 15 
12 17 18 19 100 24 25 25 29 11 94 12 32 33 17 32 91 15 25 25 24 22 99 19
19 18 18 88 63 16 92 63 15 63 17 94 15 16 15 76 17 18 18 97 18 18 17 15
93 17 18 19 98 24 25 25 25 58 96 26 13 27 26 86 25 19 22 95 41 34 19 
19 18 18 88 17 16 92 15 15 72 47 94 15 16 15 76 17 18 18 97 18 18 17 15

